----------------------原数据--------------------------------
4[10.0]  6[11.0]  2[15.0]  3[21.0]  7[25.0]  8[25.0]  5[28.0]  9[42.0]  1[71.0]  10[85.0]
9[11.0]  10[17.0]  4[25.0]  5[36.0]  1[68.0]  7[81.0]  8[81.0]  2[87.0]  3[89.0]  6[96.0]
4[14.0]  5[19.0]  6[38.0]  8[47.0]  9[47.0]  7[50.0]  1[78.0]  10[93.0]  2[94.0]  3[95.0]
4[13.0]  5[13.0]  1[16.0]  3[29.0]  10[31.0]  2[46.0]  8[53.0]  6[73.0]  9[73.0]  7[76.0]
5[16.0]  7[24.0]  3[35.0]  1[44.0]  9[53.0]  4[67.0]  8[71.0]  6[74.0]  10[88.0]  2[94.0]
8[14.0]  6[34.0]  3[50.0]  7[52.0]  4[63.0]  1[71.0]  9[73.0]  5[76.0]  2[86.0]  10[96.0]
9[17.0]  10[18.0]  8[39.0]  7[41.0]  5[43.0]  4[45.0]  6[45.0]  3[55.0]  2[71.0]  1[82.0]
10[10.0]  3[12.0]  1[14.0]  6[22.0]  8[24.0]  5[39.0]  2[46.0]  7[55.0]  4[72.0]  9[96.0]
5[30.0]  8[42.0]  1[46.0]  10[50.0]  9[57.0]  3[59.0]  6[61.0]  2[76.0]  7[83.0]  4[88.0]
6[18.0]  4[27.0]  2[34.0]  5[35.0]  9[38.0]  10[58.0]  7[63.0]  8[71.0]  3[83.0]  1[86.0]
----------------------------结果----------------------------
1 4[10.0]
2 9[11.0]
3 2[94.0]
4 5[13.0]
5 7[24.0]
6 8[14.0]
7 3[55.0]
8 10[10.0]
9 1[46.0]
10 6[18.0]
合计:295.0
----------------------原数据--------------------------------
6[11.0]  2[15.0]  3[21.0]  7[25.0]  8[25.0]  5[28.0]  9[42.0]  1[71.0]  10[85.0]  4[10.0]
10[17.0]  4[25.0]  5[36.0]  1[68.0]  7[81.0]  8[81.0]  2[87.0]  3[89.0]  6[96.0]  9[11.0]
5[19.0]  6[38.0]  8[47.0]  9[47.0]  7[50.0]  1[78.0]  10[93.0]  2[94.0]  3[95.0]  4[14.0]
5[13.0]  1[16.0]  3[29.0]  10[31.0]  2[46.0]  8[53.0]  6[73.0]  9[73.0]  7[76.0]  4[13.0]
7[24.0]  3[35.0]  1[44.0]  9[53.0]  4[67.0]  8[71.0]  6[74.0]  10[88.0]  2[94.0]  5[16.0]
6[34.0]  3[50.0]  7[52.0]  4[63.0]  1[71.0]  9[73.0]  5[76.0]  2[86.0]  10[96.0]  8[14.0]
10[18.0]  8[39.0]  7[41.0]  5[43.0]  4[45.0]  6[45.0]  3[55.0]  2[71.0]  1[82.0]  9[17.0]
3[12.0]  1[14.0]  6[22.0]  8[24.0]  5[39.0]  2[46.0]  7[55.0]  4[72.0]  9[96.0]  10[10.0]
8[42.0]  1[46.0]  10[50.0]  9[57.0]  3[59.0]  6[61.0]  2[76.0]  7[83.0]  4[88.0]  5[30.0]
4[27.0]  2[34.0]  5[35.0]  9[38.0]  10[58.0]  7[63.0]  8[71.0]  3[83.0]  1[86.0]  6[18.0]
----------------------------结果----------------------------
1 4[10.0]
2 9[11.0]
3 2[94.0]
4 5[13.0]
5 7[24.0]
6 8[14.0]
7 3[55.0]
8 10[10.0]
9 1[46.0]
10 6[18.0]
合计:295.0
----------------------原数据--------------------------------
2[15.0]  3[21.0]  7[25.0]  8[25.0]  5[28.0]  9[42.0]  1[71.0]  10[85.0]  4[10.0]  2[15.0]
4[25.0]  5[36.0]  1[68.0]  7[81.0]  8[81.0]  2[87.0]  3[89.0]  6[96.0]  9[11.0]  4[25.0]
6[38.0]  8[47.0]  9[47.0]  7[50.0]  1[78.0]  10[93.0]  2[94.0]  3[95.0]  4[14.0]  6[38.0]
1[16.0]  3[29.0]  10[31.0]  2[46.0]  8[53.0]  6[73.0]  9[73.0]  7[76.0]  4[13.0]  1[16.0]
3[35.0]  1[44.0]  9[53.0]  4[67.0]  8[71.0]  6[74.0]  10[88.0]  2[94.0]  5[16.0]  3[35.0]
3[50.0]  7[52.0]  4[63.0]  1[71.0]  9[73.0]  5[76.0]  2[86.0]  10[96.0]  8[14.0]  3[50.0]
8[39.0]  7[41.0]  5[43.0]  4[45.0]  6[45.0]  3[55.0]  2[71.0]  1[82.0]  9[17.0]  8[39.0]
1[14.0]  6[22.0]  8[24.0]  5[39.0]  2[46.0]  7[55.0]  4[72.0]  9[96.0]  10[10.0]  1[14.0]
1[46.0]  10[50.0]  9[57.0]  3[59.0]  6[61.0]  2[76.0]  7[83.0]  4[88.0]  5[30.0]  1[46.0]
2[34.0]  5[35.0]  9[38.0]  10[58.0]  7[63.0]  8[71.0]  3[83.0]  1[86.0]  6[18.0]  2[34.0]
----------------------------结果----------------------------
1 4[10.0]
2 9[11.0]
3 6[38.0]
4 1[16.0]
5 5[16.0]
6 8[14.0]
7 7[41.0]
8 10[10.0]
9 3[59.0]
10 2[34.0]
合计:249.0
----------------------原数据--------------------------------
3[21.0]  7[25.0]  8[25.0]  5[28.0]  9[42.0]  1[71.0]  10[85.0]  4[10.0]  2[15.0]  7[25.0]
5[36.0]  1[68.0]  7[81.0]  8[81.0]  2[87.0]  3[89.0]  6[96.0]  9[11.0]  4[25.0]  1[68.0]
8[47.0]  9[47.0]  7[50.0]  1[78.0]  10[93.0]  2[94.0]  3[95.0]  4[14.0]  6[38.0]  9[47.0]
3[29.0]  10[31.0]  2[46.0]  8[53.0]  6[73.0]  9[73.0]  7[76.0]  4[13.0]  1[16.0]  10[31.0]
1[44.0]  9[53.0]  4[67.0]  8[71.0]  6[74.0]  10[88.0]  2[94.0]  5[16.0]  3[35.0]  9[53.0]
7[52.0]  4[63.0]  1[71.0]  9[73.0]  5[76.0]  2[86.0]  10[96.0]  8[14.0]  3[50.0]  4[63.0]
7[41.0]  5[43.0]  4[45.0]  6[45.0]  3[55.0]  2[71.0]  1[82.0]  9[17.0]  8[39.0]  5[43.0]
6[22.0]  8[24.0]  5[39.0]  2[46.0]  7[55.0]  4[72.0]  9[96.0]  10[10.0]  1[14.0]  8[24.0]
10[50.0]  9[57.0]  3[59.0]  6[61.0]  2[76.0]  7[83.0]  4[88.0]  5[30.0]  1[46.0]  9[57.0]
5[35.0]  9[38.0]  10[58.0]  7[63.0]  8[71.0]  3[83.0]  1[86.0]  6[18.0]  2[34.0]  9[38.0]
----------------------------结果----------------------------
1 4[10.0]
2 9[11.0]
3 6[38.0]
4 1[16.0]
5 5[16.0]
6 8[14.0]
7 7[41.0]
8 10[10.0]
9 3[59.0]
10 2[34.0]
合计:249.0
----------------------原数据--------------------------------
7[25.0]  8[25.0]  5[28.0]  9[42.0]  1[71.0]  10[85.0]  4[10.0]  2[15.0]  7[25.0]  5[28.0]
1[68.0]  7[81.0]  8[81.0]  2[87.0]  3[89.0]  6[96.0]  9[11.0]  4[25.0]  1[68.0]  8[81.0]
9[47.0]  7[50.0]  1[78.0]  10[93.0]  2[94.0]  3[95.0]  4[14.0]  6[38.0]  9[47.0]  1[78.0]
10[31.0]  2[46.0]  8[53.0]  6[73.0]  9[73.0]  7[76.0]  4[13.0]  1[16.0]  10[31.0]  8[53.0]
9[53.0]  4[67.0]  8[71.0]  6[74.0]  10[88.0]  2[94.0]  5[16.0]  3[35.0]  9[53.0]  8[71.0]
4[63.0]  1[71.0]  9[73.0]  5[76.0]  2[86.0]  10[96.0]  8[14.0]  3[50.0]  4[63.0]  9[73.0]
5[43.0]  4[45.0]  6[45.0]  3[55.0]  2[71.0]  1[82.0]  9[17.0]  8[39.0]  5[43.0]  6[45.0]
8[24.0]  5[39.0]  2[46.0]  7[55.0]  4[72.0]  9[96.0]  10[10.0]  1[14.0]  8[24.0]  2[46.0]
9[57.0]  3[59.0]  6[61.0]  2[76.0]  7[83.0]  4[88.0]  5[30.0]  1[46.0]  9[57.0]  6[61.0]
9[38.0]  10[58.0]  7[63.0]  8[71.0]  3[83.0]  1[86.0]  6[18.0]  2[34.0]  9[38.0]  7[63.0]
----------------------------结果----------------------------
1 4[10.0]
2 9[11.0]
3 6[38.0]
4 1[16.0]
5 5[16.0]
6 8[14.0]
7 3[55.0]
8 10[10.0]
9 7[83.0]
10 2[34.0]
合计:287.0
----------------------原数据--------------------------------
8[25.0]  5[28.0]  9[42.0]  1[71.0]  10[85.0]  4[10.0]  2[15.0]  7[25.0]  5[28.0]  1[71.0]
7[81.0]  8[81.0]  2[87.0]  3[89.0]  6[96.0]  9[11.0]  4[25.0]  1[68.0]  8[81.0]  3[89.0]
7[50.0]  1[78.0]  10[93.0]  2[94.0]  3[95.0]  4[14.0]  6[38.0]  9[47.0]  1[78.0]  2[94.0]
2[46.0]  8[53.0]  6[73.0]  9[73.0]  7[76.0]  4[13.0]  1[16.0]  10[31.0]  8[53.0]  9[73.0]
4[67.0]  8[71.0]  6[74.0]  10[88.0]  2[94.0]  5[16.0]  3[35.0]  9[53.0]  8[71.0]  10[88.0]
1[71.0]  9[73.0]  5[76.0]  2[86.0]  10[96.0]  8[14.0]  3[50.0]  4[63.0]  9[73.0]  2[86.0]
4[45.0]  6[45.0]  3[55.0]  2[71.0]  1[82.0]  9[17.0]  8[39.0]  5[43.0]  6[45.0]  2[71.0]
5[39.0]  2[46.0]  7[55.0]  4[72.0]  9[96.0]  10[10.0]  1[14.0]  8[24.0]  2[46.0]  4[72.0]
3[59.0]  6[61.0]  2[76.0]  7[83.0]  4[88.0]  5[30.0]  1[46.0]  9[57.0]  6[61.0]  7[83.0]
10[58.0]  7[63.0]  8[71.0]  3[83.0]  1[86.0]  6[18.0]  2[34.0]  9[38.0]  7[63.0]  3[83.0]
----------------------------结果----------------------------
1 4[10.0]
2 9[11.0]
3 6[38.0]
4 1[16.0]
5 5[16.0]
6 8[14.0]
7 3[55.0]
8 10[10.0]
9 7[83.0]
10 2[34.0]
合计:287.0
----------------------原数据--------------------------------
5[28.0]  9[42.0]  1[71.0]  10[85.0]  4[10.0]  2[15.0]  7[25.0]  5[28.0]  1[71.0]  4[10.0]
8[81.0]  2[87.0]  3[89.0]  6[96.0]  9[11.0]  4[25.0]  1[68.0]  8[81.0]  3[89.0]  9[11.0]
1[78.0]  10[93.0]  2[94.0]  3[95.0]  4[14.0]  6[38.0]  9[47.0]  1[78.0]  2[94.0]  4[14.0]
8[53.0]  6[73.0]  9[73.0]  7[76.0]  4[13.0]  1[16.0]  10[31.0]  8[53.0]  9[73.0]  4[13.0]
8[71.0]  6[74.0]  10[88.0]  2[94.0]  5[16.0]  3[35.0]  9[53.0]  8[71.0]  10[88.0]  5[16.0]
9[73.0]  5[76.0]  2[86.0]  10[96.0]  8[14.0]  3[50.0]  4[63.0]  9[73.0]  2[86.0]  8[14.0]
6[45.0]  3[55.0]  2[71.0]  1[82.0]  9[17.0]  8[39.0]  5[43.0]  6[45.0]  2[71.0]  9[17.0]
2[46.0]  7[55.0]  4[72.0]  9[96.0]  10[10.0]  1[14.0]  8[24.0]  2[46.0]  4[72.0]  10[10.0]
6[61.0]  2[76.0]  7[83.0]  4[88.0]  5[30.0]  1[46.0]  9[57.0]  6[61.0]  7[83.0]  5[30.0]
7[63.0]  8[71.0]  3[83.0]  1[86.0]  6[18.0]  2[34.0]  9[38.0]  7[63.0]  3[83.0]  6[18.0]
----------------------------结果----------------------------
1 4[10.0]
2 9[11.0]
10 6[18.0]
4 1[16.0]
5 5[16.0]
6 8[14.0]
7 3[55.0]
8 10[10.0]
9 7[83.0]
10 2[34.0]
合计:267.0
----------------------原数据--------------------------------
9[42.0]  1[71.0]  10[85.0]  4[10.0]  2[15.0]  7[25.0]  5[28.0]  1[71.0]  4[10.0]  7[25.0]
2[87.0]  3[89.0]  6[96.0]  9[11.0]  4[25.0]  1[68.0]  8[81.0]  3[89.0]  9[11.0]  1[68.0]
10[93.0]  2[94.0]  3[95.0]  4[14.0]  6[38.0]  9[47.0]  1[78.0]  2[94.0]  4[14.0]  9[47.0]
6[73.0]  9[73.0]  7[76.0]  4[13.0]  1[16.0]  10[31.0]  8[53.0]  9[73.0]  4[13.0]  10[31.0]
6[74.0]  10[88.0]  2[94.0]  5[16.0]  3[35.0]  9[53.0]  8[71.0]  10[88.0]  5[16.0]  9[53.0]
5[76.0]  2[86.0]  10[96.0]  8[14.0]  3[50.0]  4[63.0]  9[73.0]  2[86.0]  8[14.0]  4[63.0]
3[55.0]  2[71.0]  1[82.0]  9[17.0]  8[39.0]  5[43.0]  6[45.0]  2[71.0]  9[17.0]  5[43.0]
7[55.0]  4[72.0]  9[96.0]  10[10.0]  1[14.0]  8[24.0]  2[46.0]  4[72.0]  10[10.0]  8[24.0]
2[76.0]  7[83.0]  4[88.0]  5[30.0]  1[46.0]  9[57.0]  6[61.0]  7[83.0]  5[30.0]  9[57.0]
8[71.0]  3[83.0]  1[86.0]  6[18.0]  2[34.0]  9[38.0]  7[63.0]  3[83.0]  6[18.0]  9[38.0]
----------------------------结果----------------------------
1 4[10.0]
2 9[11.0]
10 6[18.0]
4 1[16.0]
5 5[16.0]
6 8[14.0]
7 3[55.0]
8 10[10.0]
9 7[83.0]
10 2[34.0]
合计:267.0
----------------------原数据--------------------------------
1[71.0]  10[85.0]  4[10.0]  2[15.0]  7[25.0]  5[28.0]  1[71.0]  4[10.0]  7[25.0]  1[71.0]
3[89.0]  6[96.0]  9[11.0]  4[25.0]  1[68.0]  8[81.0]  3[89.0]  9[11.0]  1[68.0]  3[89.0]
2[94.0]  3[95.0]  4[14.0]  6[38.0]  9[47.0]  1[78.0]  2[94.0]  4[14.0]  9[47.0]  2[94.0]
9[73.0]  7[76.0]  4[13.0]  1[16.0]  10[31.0]  8[53.0]  9[73.0]  4[13.0]  10[31.0]  9[73.0]
10[88.0]  2[94.0]  5[16.0]  3[35.0]  9[53.0]  8[71.0]  10[88.0]  5[16.0]  9[53.0]  10[88.0]
2[86.0]  10[96.0]  8[14.0]  3[50.0]  4[63.0]  9[73.0]  2[86.0]  8[14.0]  4[63.0]  2[86.0]
2[71.0]  1[82.0]  9[17.0]  8[39.0]  5[43.0]  6[45.0]  2[71.0]  9[17.0]  5[43.0]  2[71.0]
4[72.0]  9[96.0]  10[10.0]  1[14.0]  8[24.0]  2[46.0]  4[72.0]  10[10.0]  8[24.0]  4[72.0]
7[83.0]  4[88.0]  5[30.0]  1[46.0]  9[57.0]  6[61.0]  7[83.0]  5[30.0]  9[57.0]  7[83.0]
3[83.0]  1[86.0]  6[18.0]  2[34.0]  9[38.0]  7[63.0]  3[83.0]  6[18.0]  9[38.0]  3[83.0]
----------------------------结果----------------------------
1 4[10.0]
2 9[11.0]
3 3[95.0]
4 1[16.0]
5 5[16.0]
6 8[14.0]
7 2[71.0]
8 10[10.0]
9 7[83.0]
10 6[18.0]
合计:344.0
----------------------原数据--------------------------------
10[85.0]  4[10.0]  2[15.0]  7[25.0]  5[28.0]  1[71.0]  4[10.0]  7[25.0]  1[71.0]  7[25.0]
6[96.0]  9[11.0]  4[25.0]  1[68.0]  8[81.0]  3[89.0]  9[11.0]  1[68.0]  3[89.0]  1[68.0]
3[95.0]  4[14.0]  6[38.0]  9[47.0]  1[78.0]  2[94.0]  4[14.0]  9[47.0]  2[94.0]  9[47.0]
7[76.0]  4[13.0]  1[16.0]  10[31.0]  8[53.0]  9[73.0]  4[13.0]  10[31.0]  9[73.0]  10[31.0]
2[94.0]  5[16.0]  3[35.0]  9[53.0]  8[71.0]  10[88.0]  5[16.0]  9[53.0]  10[88.0]  9[53.0]
10[96.0]  8[14.0]  3[50.0]  4[63.0]  9[73.0]  2[86.0]  8[14.0]  4[63.0]  2[86.0]  4[63.0]
1[82.0]  9[17.0]  8[39.0]  5[43.0]  6[45.0]  2[71.0]  9[17.0]  5[43.0]  2[71.0]  5[43.0]
9[96.0]  10[10.0]  1[14.0]  8[24.0]  2[46.0]  4[72.0]  10[10.0]  8[24.0]  4[72.0]  8[24.0]
4[88.0]  5[30.0]  1[46.0]  9[57.0]  6[61.0]  7[83.0]  5[30.0]  9[57.0]  7[83.0]  9[57.0]
1[86.0]  6[18.0]  2[34.0]  9[38.0]  7[63.0]  3[83.0]  6[18.0]  9[38.0]  3[83.0]  9[38.0]
----------------------------结果----------------------------
1 4[10.0]
2 9[11.0]
3 3[95.0]
4 1[16.0]
5 5[16.0]
6 8[14.0]
7 2[71.0]
8 10[10.0]
9 7[83.0]
10 6[18.0]
合计:344.0
